-0.10639943182468414
-0.06806005537509918
-0.044101815670728683
-0.031662046909332275
-0.05244281888008118
-0.0638865977525711
0.008613944053649902
-0.11519218236207962
-0.11565744876861572
-0.004950001370161772
-0.061359964311122894
-0.02351730689406395
-0,00005630912346532
-0.011274459771811962
-0.08927248418331146
-0.10777687281370163
-0.11111599951982498
-0.07318340241909027
0.011821284890174866
-0.06536845862865448
0.14793458580970764
-0.020512424409389496
-0.021592995151877403
-0.019799772650003433
-0.011271936818957329
0.22388310730457306
-0.1959937959909439
-0.07496342062950134
-0.048059213906526566
-0.038223639130592346
-0.0030781258828938007
-0.005197000689804554
