-0.00996624305844307
-0.007337901741266251
-0.07334364205598831
-0.06750898063182831
-0.03170838579535484
-0.04771358147263527
-0.03107336536049843
-0.07389670610427856
0.021196208894252777
-0.01608145982027054
-0.04389660805463791
-0.05953891947865486
-0.026230858638882637
-0.04806390404701233
-0.0370049923658371
-0.018263768404722214
0.004803535062819719
-0.03541623800992966
-0.09855960309505463
-0.025847794488072395
-0.00312848761677742
-0.04639030620455742
0.0044160643592476845
-0.05472305044531822
-7.66444718465209e-05
-0.04722383990883827
-0.05645245313644409
-0.05105246976017952
0.01347772590816021
-0.07632952928543091
-0.05434524267911911
-0.022949956357479095
-0.07209323346614838
-0.012332282029092312
-0.09227960556745529
-0.018468359485268593
0.035782381892204285
-0.024012701585888863
-0.014731010422110558
0.020631106570363045
-0.028478778898715973
-0.07524813711643219
-0.05024251714348793
-0.013110139407217503
-0.05873237922787666
-0.01870115101337433
0.04389924183487892
-0.02115715853869915
0.009058217518031597
-0.050863396376371384
-0.05370320379734039
-0.08143613487482071
-0.12100459635257721
-0.026923680678009987
-0.11993812024593353
-0.028059406206011772
-0.037969864904880524
0.0137039665132761
-0.06236095726490021
-0.014444551430642605
-0.04843154549598694
-0.03561845421791077
-0.03931866213679314
-0.056331995874643326
